20 380
3 9 1 1
8 11 1 1
15 1 1 2
4 7 1 1
18 16 1 1
6 14 0 2
20 17 0 2
5 12 0 0
19 10 3 3
13 2 2 3
16 3 1 0
10 5 0 4
14 8 3 0
1 6 4 2
17 15 2 0
9 19 2 0
11 4 1 1
12 13 3 3
7 18 2 2
2 20 2 2
11 1 2 4
3 7 0 2
18 10 1 1
8 17 3 3
20 14 1 1
13 16 3 1
19 12 1 1
6 15 1 1
4 9 1 0
5 2 1 1
9 8 0 1
5 20 4 0
2 18 3 1
15 3 1 2
14 4 2 0
17 19 2 2
7 16 2 2
6 11 3 1
10 13 2 1
12 1 0 2
16 10 2 1
1 17 4 0
3 2 0 2
13 18 2 0
11 14 1 1
20 7 2 3
4 12 0 2
19 15 0 2
9 5 0 2
8 6 3 1
6 19 3 0
7 10 1 0
18 20 1 2
5 3 2 2
14 9 1 4
17 11 1 1
12 16 0 0
15 13 1 1
2 4 2 0
1 8 2 1
4 17 6 0
13 20 3 3
9 11 3 1
10 12 2 1
3 18 3 1
19 1 1 2
14 2 0 0
7 6 0 1
16 5 1 0
8 15 3 1
18 5 0 3
6 10 1 2
1 13 2 0
8 16 1 1
20 4 1 1
15 14 1 1
12 9 3 1
11 19 1 2
17 3 1 3
2 7 2 3
7 12 2 0
13 6 1 1
5 11 2 1
4 1 2 0
14 19 3 2
16 17 1 1
3 20 3 0
9 15 2 0
10 2 2 0
18 8 1 1
1 14 2 1
17 10 1 0
8 3 2 0
15 5 1 0
20 9 1 1
19 4 0 3
6 18 5 1
11 12 1 1
13 7 1 0
2 16 4 1
18 14 2 2
9 17 2 1
10 11 1 1
5 8 3 2
7 19 4 1
4 6 1 0
16 20 1 1
12 15 1 2
3 13 3 1
1 2 0 0
1 10 2 1
19 18 1 1
8 7 2 1
14 5 1 2
15 4 2 2
13 9 2 0
6 16 4 0
20 12 3 2
11 3 2 0
17 2 0 1
7 15 4 0
10 14 1 1
20 1 2 3
2 19 0 0
9 6 2 2
12 3 0 0
16 11 1 2
18 17 3 2
5 13 0 1
4 8 4 1
3 10 2 2
1 9 3 1
4 13 2 0
11 7 4 0
6 12 1 1
14 16 1 0
15 18 0 1
19 20 3 3
17 5 1 2
8 2 2 1
7 14 2 2
10 9 1 1
5 19 0 1
18 1 1 3
16 4 0 2
3 6 1 1
20 11 1 2
12 17 1 0
13 8 0 1
2 15 1 0
14 3 1 3
6 20 5 2
19 13 1 3
11 18 1 0
15 16 2 0
1 5 0 0
4 10 1 2
9 2 0 1
17 7 2 2
8 12 1 2
2 11 1 2
10 15 2 1
7 1 1 1
18 4 0 5
3 19 4 0
12 14 1 2
13 17 1 0
16 9 0 1
5 6 0 3
20 8 2 2
9 7 3 2
11 13 0 4
12 18 2 0
10 8 0 0
4 5 1 2
14 17 0 1
15 20 1 2
19 16 4 1
6 2 0 2
1 3 2 0
16 1 1 1
8 19 1 1
2 12 1 1
3 4 2 1
13 14 4 1
5 7 2 1
18 9 0 1
15 11 1 1
20 10 2 3
17 6 0 2
20 2 0 1
7 4 1 0
11 5 0 3
19 6 0 2
17 12 0 0
9 3 0 0
8 1 1 1
13 15 0 1
10 16 3 1
14 18 0 1
5 9 2 1
18 7 1 2
1 11 2 0
4 20 6 0
6 13 3 1
3 17 4 0
16 14 0 0
12 19 0 1
15 8 0 1
2 10 1 1
8 18 1 0
11 10 2 0
7 2 0 2
19 5 0 2
20 6 4 3
17 4 2 1
9 16 4 2
14 15 2 1
13 3 3 2
1 12 4 0
2 14 5 2
18 13 3 1
3 8 2 0
16 7 2 0
5 17 0 1
6 9 1 0
12 20 5 0
15 19 0 0
4 11 2 0
10 1 1 5
1 4 1 0
13 10 0 1
8 5 2 0
3 16 0 0
14 6 0 1
9 12 1 0
11 15 5 1
17 18 1 2
7 20 3 2
19 2 1 2
10 19 0 0
7 8 1 1
9 1 3 1
5 14 1 0
18 6 2 2
4 15 4 1
16 13 0 1
12 11 1 1
20 3 1 1
2 17 0 2
13 4 2 4
6 5 0 0
1 18 3 1
3 12 1 2
19 9 0 0
14 7 1 2
11 16 0 1
17 20 1 1
15 2 1 1
8 10 0 1
16 8 1 4
7 11 0 1
5 1 1 0
18 19 1 0
4 14 2 0
12 6 1 1
9 13 2 0
20 15 0 2
10 17 4 0
2 3 0 1
10 18 0 0
13 5 0 0
15 9 1 0
1 20 3 0
6 3 1 0
19 7 0 0
14 12 0 1
17 16 0 2
8 4 2 4
11 2 1 4
18 15 1 1
7 17 3 1
9 10 0 1
3 1 3 0
4 19 6 1
16 6 0 0
20 13 0 2
14 11 1 0
12 8 0 0
2 5 2 1
5 4 1 1
10 20 0 0
6 7 1 0
18 2 2 4
19 3 1 2
17 9 2 3
13 11 1 2
15 12 1 0
8 14 3 2
1 16 5 1
16 18 6 2
12 4 2 3
17 1 1 6
20 19 3 1
3 15 2 1
14 10 1 1
11 9 1 1
7 5 3 0
6 8 1 1
2 13 2 0
4 3 2 3
18 11 2 1
10 7 1 2
5 16 2 1
15 6 1 1
9 14 1 1
13 12 0 0
19 17 1 1
8 20 6 1
1 2 2 1
3 5 1 0
12 10 2 1
15 17 0 1
16 19 1 0
20 18 2 2
14 1 0 3
2 9 3 2
6 4 2 1
7 13 2 0
11 8 2 1
8 13 5 2
18 3 1 4
1 7 1 1
4 16 5 0
5 15 1 0
9 20 5 3
19 11 0 1
17 14 2 2
10 6 1 0
12 2 0 1
6 1 3 3
7 9 2 2
4 18 2 0
15 10 3 0
3 14 2 0
11 17 2 0
13 19 2 2
16 12 1 2
20 5 0 1
2 8 0 3
10 3 1 2
11 6 0 1
19 8 3 2
12 7 1 2
17 13 2 1
14 20 4 1
16 2 0 3
1 15 2 2
5 18 4 2
9 4 2 1
13 1 0 4
4 2 2 0
3 11 4 2
5 10 1 3
6 17 1 0
15 7 1 3
8 9 3 2
18 12 1 2
19 14 1 0
20 16 0 0
1 19 5 0
7 3 2 2
2 6 4 0
10 4 2 2
12 5 2 3
17 8 1 2
9 18 1 1
11 20 2 4
14 13 2 0
16 15 1 1